42718589
42376503
42172890
42046457
41857673
41840518
41764952
41564537
41544104
41438164
41200728
41077876
40893456
40823377
40590553
40303053
40285009
40270112
40161261
39939962
39872611
39829652
39660154
39553779
39483701
39474767
39116542
38896308
38389580
38314064
38140613
38101440
37775596
37736423
37531478
37376688
37363241
37128393
37113889
36845324
36721499
36560605
36268570
36257718
36146708
36146628
35889251
35746734
35268741
35171076
34996333
34584927
34452311
34355640
34123871
34081338
34041346
33666862
33534762
33480188
33382232
33227887
33061222
33040313
33031421
32626216
32544740
32442824
32397138
32312185
32236814
32193749
32140522
31839904
31819877
31797192
31757953
31200111
31090444
31086770
30483460
29960083
29920398
29661124
29651056
29631310
29545289
29322273
29184365
29152316
29104094
29067212
28805017
28710829
30255048
28388925
28250869
28004012
27880777
27873070
27603430
27677611
27597953
27317323
27304069
27148186
27047163
26823576
26740844
28337492
26664747
26350163
26094828
26079193
25946164
25923926
25671118
25631252
26949793
26949788
25391377
25328630
32289027
24885233
24880626
24851901
24677113
27437453
27379256
24001574
23936731
23850009
23608476
23400898
23308319
23074668
23038077
22925404
22869337
22761900
22530694
22476732
22469078
22423125
22079423
22001877
21553559
21248176
21205255
21146235
21120801
20846589
20831384
20521661
20335251
20122384
20071565
19781798
19653927
19618621
19618617
19331751
19305431
19290041
19239760
19021104
18976562
18976556
18926110
18704172
18631423
18575062
18411935
18394282
18387755
18343470
18257986
19738338
18008254
17687244
17622635
17553279
17542958
17498292
17494548
17479909
17479371
17194164