19305431
20122384
23850009
25631252
26740844
26823576
26949788
27148186
27304069
27437453
27597953
28250869
28388925
28805017
29322273
29545289
29661124
29960083
31090444
31200111
31757953
31797192
31819877
32140522
32289027
32442824
32544740
33031421
33061222
33227887
33534762
33666862
34081338
34123871
34355640
34584927
34996333
35268741
35746734
35889251
36146628
36257718
36845324
37113889
37531478
37736423
38101440
39116542
39474767
39483701
39660154
39829652
39872611
39939962
40161261
40270112
40285009
40590553
40893456
41077876
41544104
41564537
41840518
41857673
42172890