42718589
42376503
42046457
41764952
41438164
41200728
40823377
40303053
39553779
38896308
38389580
38314064
38140613
37775596
37376688
37363241
37128393
36721499
36560605
36268570
36146708
35171076
34452311
34041346
33480188
33382232
33040313
32626216
32397138
32312185
32236814
32193749
31839904
31086770
30483460
29920398
29651056
29631310
29184365
29152316
29104094
29067212
28710829
30255048
28004012
27880777
27873070
27603430
27677611
27317323
27047163
28337492
26664747
26350163
26094828
26079193
25946164
25923926
25671118
26949793
25391377
25328630
24885233
24880626
24851901
24677113
27379256
24001574
23936731
23608476
23400898
23308319
23074668
23038077
22925404
22869337
22761900
22530694
22476732
22469078
22423125
22079423
22057928
22001877
21553559
21248176
21205255
21146235
21120801
20846589
20831384
20521661
20335251
20071565
19781798
19653927
19618621
19618617
19331751
19290041
19239760
19021104
18976562
18976556
18926110
18837987
18704172
18631423
18575062
18411935
18394282
18387755
18343470
18257986
19738338
18008254
17687244
17622635
17553279
17542958
17498292
17494548
17479909
17479371
17209298
17194164
16863071
16823443
16804210
16804206
16671217
16598222
16517825
16484459