42718589
42376503
42046457
41764952
41438164
41200728
40823377
40303053
39553779
38896308
38389580
38314064
37775596
37376688
37363241
37128393
36721499
36560605
36268570
36146708
35171076
34452311
34041346
33480188
33040313
32626216
32397138
32312185
32236814
32193749
31839904
31086770
30483460
29920398
29631310
29184365
29152316
29104094
28710829
28004012
27880777
27677611
27317323
28337492
26664747
26350163
26094828
25946164
25923926
25671118
26949793
25391377
25328630
24885233
24851901
24001574
23936731
23308319
23074668
23038077
22925404
22869337
22761900
22530694
22476732
22469078
22079423
22057928
22001877
21553559
21205255
20846589
20521661
20335251
20071565
19653927
19618621
19618617
19290041
19239760
19021104
18976556
18926110
18837987
18704172
18631423
18411935
18343470
18257986
18008254
17622635
17542958
17498292
17494548
17479371
17194164
16823443
16804210
16671217